<?xml version="1.0" encoding="utf-8"?>
<COLLADA xmlns="http://www.collada.org/2005/11/COLLADASchema" version="1.4.1">
<asset>
	<contributor>
		<author> Anonymous </author>
		<authoring_tool> Collada Exporter for Blender 2.6+, by Juan Linietsky (juan@codenix.com) </authoring_tool>
	</contributor>
	<created>2017-02-12T11:38:26Z     </created>
	<modified>2017-02-12T11:38:26Z</modified>
	<unit meter="1.0" name="meter"/>
	<up_axis>Z_UP</up_axis>
</asset>
<library_images>
</library_images>
<library_effects>
</library_effects>
<library_materials>
</library_materials>
<library_geometries>
</library_geometries>
<library_controllers>
</library_controllers>
<library_cameras>
</library_cameras>
<library_lights>
</library_lights>
<library_visual_scenes>
	<visual_scene id="id-scene-1" name="scene">
		<node id="character_rig" name="character_rig" type="NODE">
			<matrix sid="transform"> 1.0 0.0 0.0 0.0 0.0 1.0 0.0 0.0 0.0 0.0 1.0 0.0 0.0 0.0 0.0 1.0  </matrix>
			<node id="id-bone-3" sid="id-skelbones-2-0" name="Root" type="JOINT">
				<matrix sid="transform"> -1.0 0.0 -1.5099580252808664e-07 0.0 -1.5099580252808664e-07 0.0 1.0 0.0 0.0 1.0 0.0 -0.20000000298023224 0.0 0.0 0.0 1.0  </matrix>
				<node id="id-bone-4" sid="id-skelbones-2-1" name="IK_hand.L" type="JOINT">
					<matrix sid="transform"> 0.008113725110888481 0.8396825194358826 0.5430167317390442 0.6421229243278503 0.034788090735673904 -0.5429429411888123 0.8390486240386963 1.349543571472168 0.9993616938591003 0.012082826346158981 -0.03361625596880913 -0.0684063509106636 0.0 0.0 0.0 1.0  </matrix>
					<node id="id-bone-5" sid="id-skelbones-2-2" name="Elbow.L" type="JOINT">
						<matrix sid="transform"> 0.00666038878262043 -0.9993447065353394 0.035577356815338135 -0.2299507111310959 0.839633047580719 -0.013734505511820316 -0.542980432510376 -0.3020462095737457 0.5431133508682251 0.03348839282989502 0.8389913439750671 0.011893242597579956 0.0 0.0 0.0 1.0  </matrix>
					</node>
				</node>
				<node id="id-bone-6" sid="id-skelbones-2-3" name="IK_hand.R" type="JOINT">
					<matrix sid="transform"> 0.008113988675177097 -0.8396826982498169 -0.5430167317390442 -0.6421229243278503 -0.03478812053799629 -0.5429429411888123 0.8390486240386963 1.349543571472168 -0.9993616342544556 0.012082631699740887 -0.03361637517809868 -0.06840642541646957 0.0 0.0 0.0 1.0  </matrix>
					<node id="id-bone-7" sid="id-skelbones-2-4" name="Elbow.R" type="JOINT">
						<matrix sid="transform"> 0.006656800862401724 0.9993447661399841 -0.035578031092882156 0.22995080053806305 -0.8396878242492676 -0.013734509237110615 -0.5428959131240845 -0.3020460903644562 -0.5430287718772888 0.033488404005765915 0.839046061038971 0.011893273331224918 0.0 0.0 0.0 1.0  </matrix>
					</node>
				</node>
				<node id="id-bone-8" sid="id-skelbones-2-5" name="foot_main.L" type="JOINT">
					<matrix sid="transform"> 1.0 0.0 -8.742277657347586e-08 0.10905010998249054 0.0 -1.0 0.0 0.24586544930934906 -8.742277657347586e-08 0.0 -1.0 -0.04304518923163414 0.0 0.0 0.0 1.0  </matrix>
					<node id="id-bone-9" sid="id-skelbones-2-6" name="IK_foot.L" type="JOINT">
						<matrix sid="transform"> 0.9999894499778748 0.0008626059861853719 0.004502113442867994 2.8121958095539412e-09 -0.004577034618705511 0.24203349649906158 0.9702571034431458 0.0 -0.00025271251797676086 -0.9702675342559814 0.2420348823070526 7.746159269572672e-11 0.0 0.0 0.0 1.0  </matrix>
						<node id="id-bone-10" sid="id-skelbones-2-7" name="Knee.L" type="JOINT">
							<matrix sid="transform"> 0.006239769048988819 0.001143038272857666 -0.9999799132347107 -0.002721813740208745 0.24099063873291016 0.9705239534378052 0.0026131276972591877 0.39086923003196716 0.9705073833465576 -0.24100205302238464 0.005780384410172701 -0.5921941995620728 0.0 0.0 0.0 1.0  </matrix>
						</node>
					</node>
				</node>
				<node id="id-bone-11" sid="id-skelbones-2-8" name="foot_main.R" type="JOINT">
					<matrix sid="transform"> 1.0 0.0 -8.742277657347586e-08 -0.10905010998249054 0.0 -1.0 0.0 0.24586544930934906 -8.742277657347586e-08 0.0 -1.0 -0.04304519668221474 0.0 0.0 0.0 1.0  </matrix>
					<node id="id-bone-12" sid="id-skelbones-2-9" name="IK_foot.R" type="JOINT">
						<matrix sid="transform"> 0.9999894499778748 -0.0008628342184238136 -0.004502027295529842 2.812190480483423e-09 0.004577006679028273 0.24203352630138397 0.9702571034431458 0.0 0.00025247043231502175 -0.9702675342559814 0.2420348823070526 -7.745803998204792e-11 0.0 0.0 0.0 1.0  </matrix>
						<node id="id-bone-13" sid="id-skelbones-2-10" name="Knee.R" type="JOINT">
							<matrix sid="transform"> 0.006239780690521002 -0.001143127796240151 0.9999799132347107 0.002721813041716814 -0.24099068343639374 0.9705239534378052 0.002613246440887451 0.390869140625 -0.9705072641372681 -0.2410021722316742 0.005780368112027645 -0.592194139957428 0.0 0.0 0.0 1.0  </matrix>
						</node>
					</node>
				</node>
				<node id="id-bone-14" sid="id-skelbones-2-11" name="hips_main" type="JOINT">
					<matrix sid="transform"> -1.0 5.018475635054642e-10 2.4103400164676714e-08 -6.368035543324879e-10 -6.872313829120458e-10 -0.9999690651893616 -0.007939456962049007 1.2562944889068604 2.3664242121412826e-08 -0.007894035428762436 1.0028456449508667 0.010016883723437786 0.0 0.0 0.0 1.0  </matrix>
					<node id="id-bone-15" sid="id-skelbones-2-12" name="Hips" type="JOINT">
						<matrix sid="transform"> -1.0 4.6074255521944e-15 2.3344872701613895e-08 -9.71445146547012e-17 -4.551914400963142e-15 -0.9999999403953552 9.313224635931761e-10 0.15303665399551392 2.334488158339809e-08 1.196959198423997e-16 0.9999999403953552 -5.820764981123716e-10 0.0 0.0 0.0 1.0  </matrix>
						<node id="id-bone-16" sid="id-skelbones-2-13" name="Spine" type="JOINT">
							<matrix sid="transform"> 1.0 6.676554309414939e-10 -3.0296004638330487e-07 -6.938893903907228e-17 2.4677673238215903e-09 0.9999464154243469 0.010349174030125141 0.1530366837978363 3.0295075248432113e-07 -0.010349174961447716 0.9999464154243469 1.7462299384263247e-09 0.0 0.0 0.0 1.0  </matrix>
							<node id="id-bone-17" sid="id-skelbones-2-14" name="Spine1" type="JOINT">
								<matrix sid="transform"> 1.0 -2.3502478185832842e-08 -1.1159276169792065e-08 -5.551115123125783e-17 2.4487937011485883e-08 0.9951308369636536 0.09856311976909637 0.11860930919647217 8.788460625908101e-09 -0.09856311976909637 0.9951308965682983 1.3969837509009153e-09 0.0 0.0 0.0 1.0  </matrix>
								<node id="id-bone-18" sid="id-skelbones-2-15" name="Spine2" type="JOINT">
									<matrix sid="transform"> 1.0 -2.709888846652575e-08 2.8876198143734655e-07 5.551115123125783e-16 -3.8932368440214304e-09 0.9942814707756042 0.10679090023040771 0.11921840161085129 -2.9000460699535324e-07 -0.10679090768098831 0.9942814707756042 1.5599653124809265e-08 0.0 0.0 0.0 1.0  </matrix>
									<node id="id-bone-19" sid="id-skelbones-2-16" name="Neck" type="JOINT">
										<matrix sid="transform"> 1.0 -2.9406502122242273e-08 -4.6336464265550603e-07 4.440892098500626e-16 -3.1825274504626577e-07 0.6832432746887207 -0.7301906943321228 0.25155365467071533 3.3806313126660825e-07 0.7301906943321228 0.6832433342933655 -1.862645149230957e-08 0.0 0.0 0.0 1.0  </matrix>
										<node id="id-bone-20" sid="id-skelbones-2-17" name="Head" type="JOINT">
											<matrix sid="transform"> 1.0 -2.4996276692945685e-07 6.559590701726847e-07 -3.175237850427948e-14 -1.7138698638063943e-07 0.8192347884178162 0.5734583139419556 0.06719810515642166 -6.807277372899989e-07 -0.5734583139419556 0.8192347884178162 -9.499490261077881e-08 0.0 0.0 0.0 1.0  </matrix>
											<node id="id-bone-21" sid="id-skelbones-2-18" name="Eye" type="JOINT">
												<matrix sid="transform"> 1.0 -3.0044279242247285e-07 1.515897309900538e-07 -3.5531382280851176e-08 1.508213216538934e-07 -0.002555977087467909 -0.9999967217445374 0.09345173835754395 3.008292139838886e-07 0.9999966621398926 -0.0025559663772583008 0.11867113411426544 0.0 0.0 0.0 1.0  </matrix>
											</node>
										</node>
									</node>
									<node id="id-bone-22" sid="id-skelbones-2-19" name="Shoulders" type="JOINT">
										<matrix sid="transform"> -1.0 -3.8006710667559673e-08 1.0412427542405567e-07 -9.864253858182792e-11 1.0973052155804908e-07 -0.2066287398338318 0.978419303894043 0.18542367219924927 -1.5671409059336838e-08 0.9784192442893982 0.20662887394428253 0.01991165243089199 0.0 0.0 0.0 1.0  </matrix>
										<node id="id-bone-23" sid="id-skelbones-2-20" name="Shoulder.L" type="JOINT">
											<matrix sid="transform"> -0.49736467003822327 -0.8582231402397156 -0.1268121600151062 -0.031952112913131714 0.8672866225242615 -0.49542051553726196 -0.04870579391717911 0.04874511808156967 -0.02102494239807129 -0.13420704007148743 0.9907302260398865 0.0003622789809014648 0.0 0.0 0.0 1.0  </matrix>
											<node id="id-bone-24" sid="id-skelbones-2-21" name="UpperArm.L" type="JOINT">
												<matrix sid="transform"> -0.264315128326416 0.41023436188697815 0.8728375434875488 7.450580596923828e-09 -0.3896675109863281 0.7824382185935974 -0.4857467710971832 0.19496957957744598 -0.8822113871574402 -0.4685065448284149 -0.04695525020360947 -1.0640360414981842e-07 0.0 0.0 0.0 1.0  </matrix>
												<node id="id-bone-25" sid="id-skelbones-2-22" name="ForeArm.L" type="JOINT">
													<matrix sid="transform"> 0.9994916319847107 -0.026594242081046104 -0.01758384145796299 -7.523340173065662e-08 0.026250343769788742 0.9994648098945618 -0.019509118050336838 0.23714353144168854 0.01809326745569706 0.01903761923313141 0.99965500831604 -3.899913281202316e-09 0.0 0.0 0.0 1.0  </matrix>
													<node id="id-bone-26" sid="id-skelbones-2-23" name="Hand.L" type="JOINT">
														<matrix sid="transform"> -0.008871300145983696 -0.015284590423107147 -0.9998437166213989 4.2957253754138947e-08 -0.0026909285224974155 0.9998795390129089 -0.015261132270097733 0.29990556836128235 0.9999570250511169 0.0025551202706992626 -0.008911369368433952 -4.190951585769653e-09 0.0 0.0 0.0 1.0  </matrix>
														<node id="id-bone-27" sid="id-skelbones-2-24" name="palm.01.L" type="JOINT">
															<matrix sid="transform"> 0.999424159526825 -0.011605435982346535 0.03188762068748474 0.044753335416316986 0.011381297372281551 0.9999094605445862 0.00720151187852025 0.10181037336587906 -0.03196829929947853 -0.006834424566477537 0.9994654059410095 -0.018590552732348442 0.0 0.0 0.0 1.0  </matrix>
															<node id="id-bone-28" sid="id-skelbones-2-25" name="finger_index.01.L" type="JOINT">
																<matrix sid="transform"> 0.9996528029441833 0.003420895431190729 0.026127943769097328 -1.0477378964424133e-09 -0.005158428102731705 0.9977578520774841 0.06672590970993042 0.037848491221666336 -0.025841105729341507 -0.06683748215436935 0.9974291324615479 -1.557127689011395e-07 0.0 0.0 0.0 1.0  </matrix>
																<node id="id-bone-29" sid="id-skelbones-2-26" name="finger_index.02.L" type="JOINT">
																	<matrix sid="transform"> 0.9996142387390137 -0.013525096699595451 -0.024258289486169815 1.862645149230957e-09 0.01433618925511837 0.9993333220481873 0.03357957303524017 0.031920820474624634 0.023787951096892357 -0.03391430526971817 0.9991416931152344 -9.249197319149971e-08 0.0 0.0 0.0 1.0  </matrix>
																</node>
															</node>
														</node>
														<node id="id-bone-30" sid="id-skelbones-2-27" name="thumb.01.L" type="JOINT">
															<matrix sid="transform"> 0.8288389444351196 0.4987034499645233 0.2536158859729767 0.026644567027688026 -0.5539290904998779 0.7951898574829102 0.2466493397951126 0.016854939982295036 -0.07866780459880829 -0.34491783380508423 0.9353304505348206 -0.03321537375450134 0.0 0.0 0.0 1.0  </matrix>
															<node id="id-bone-31" sid="id-skelbones-2-28" name="thumb.02.L" type="JOINT">
																<matrix sid="transform"> 0.965523362159729 -0.21493713557720184 -0.14685653150081635 -1.862645149230957e-08 0.21147912740707397 0.9766059517860413 -0.03895530849695206 0.05778498202562332 0.15179388225078583 0.006555236876010895 0.988390326499939 -7.729977369308472e-08 0.0 0.0 0.0 1.0  </matrix>
																<node id="id-bone-32" sid="id-skelbones-2-29" name="thumb.03.L" type="JOINT">
																	<matrix sid="transform"> 0.9966900944709778 -0.08113090693950653 -0.005173571407794952 1.6880221664905548e-08 0.08021032810211182 0.9917547702789307 -0.09994471818208694 0.026398515328764915 0.013239532709121704 0.09919894486665726 0.9949796795845032 7.510243449360132e-08 0.0 0.0 0.0 1.0  </matrix>
																</node>
															</node>
														</node>
														<node id="id-bone-33" sid="id-skelbones-2-30" name="palm.02.L" type="JOINT">
															<matrix sid="transform"> 0.9991822242736816 -0.021378807723522186 0.03432368487119675 0.015800125896930695 0.020386913791298866 0.9993717670440674 0.028992686420679092 0.10289297252893448 -0.03492194786667824 -0.02826920710504055 0.9989901781082153 -0.01669282466173172 0.0 0.0 0.0 1.0  </matrix>
															<node id="id-bone-34" sid="id-skelbones-2-31" name="finger_middle.01.L" type="JOINT">
																<matrix sid="transform"> 0.9998924136161804 0.001273891655728221 0.0146140456199646 -1.862645149230957e-09 -0.0017584310844540596 0.9994474053382874 0.03319083899259567 0.036918219178915024 -0.01456369087100029 -0.03321293741464615 0.999342143535614 -6.212212610989809e-08 0.0 0.0 0.0 1.0  </matrix>
																<node id="id-bone-35" sid="id-skelbones-2-32" name="finger_middle.02.L" type="JOINT">
																	<matrix sid="transform"> 0.9997802972793579 0.014163384214043617 -0.015453588217496872 -4.6566128730773926e-09 -0.013029556721448898 0.9973801970481873 0.07115405052900314 0.031991805881261826 0.016420887783169746 -0.07093711197376251 0.9973456859588623 6.257323548197746e-08 0.0 0.0 0.0 1.0  </matrix>
																</node>
															</node>
														</node>
														<node id="id-bone-36" sid="id-skelbones-2-33" name="palm.03.L" type="JOINT">
															<matrix sid="transform"> 0.9993541836738586 0.02006445825099945 0.029812421649694443 -0.014516601338982582 -0.021230481564998627 0.9990009069442749 0.03932434692978859 0.10249971598386765 -0.028993606567382812 -0.03993191197514534 0.998781681060791 -0.015025184489786625 0.0 0.0 0.0 1.0  </matrix>
															<node id="id-bone-37" sid="id-skelbones-2-34" name="finger_ring.01.L" type="JOINT">
																<matrix sid="transform"> 0.9997378587722778 -0.011194105260074139 0.01997438818216324 -1.1175870895385742e-08 0.01025948952883482 0.9988751411437988 0.04629490524530411 0.03681887313723564 -0.02047014608979225 -0.046077974140644073 0.9987282156944275 2.2962922230362892e-08 0.0 0.0 0.0 1.0  </matrix>
																<node id="id-bone-38" sid="id-skelbones-2-35" name="finger_ring.02.L" type="JOINT">
																	<matrix sid="transform"> 0.9999509453773499 -0.003676592605188489 -0.009195320308208466 9.89530235528946e-10 0.0038791405968368053 0.9997482299804688 0.02210795134305954 0.03173282369971275 0.009111718274652958 -0.022142542526125908 0.9997134208679199 1.2526288628578186e-07 0.0 0.0 0.0 1.0  </matrix>
																</node>
															</node>
														</node>
														<node id="id-bone-39" sid="id-skelbones-2-36" name="palm.04.L" type="JOINT">
															<matrix sid="transform"> 0.9974706768989563 -0.06366966664791107 0.03160010650753975 -0.038780223578214645 0.06090930476784706 0.9947915077209473 0.08173372596502304 0.09733334183692932 -0.036639466881752014 -0.07960223406553268 0.9961531162261963 -0.013475747779011726 0.0 0.0 0.0 1.0  </matrix>
															<node id="id-bone-40" sid="id-skelbones-2-37" name="finger_pinky.01.L" type="JOINT">
																<matrix sid="transform"> 0.9996097087860107 0.024968095123767853 -0.012542126700282097 -1.862645149230957e-09 -0.02546151541173458 0.9988406896591187 -0.04085608571767807 0.023656198754906654 0.011507486924529076 0.04115946218371391 0.9990864992141724 1.6261765267699957e-08 0.0 0.0 0.0 1.0  </matrix>
																<node id="id-bone-41" sid="id-skelbones-2-38" name="finger_pinky.02.L" type="JOINT">
																	<matrix sid="transform"> 0.9998441934585571 0.002238266635686159 0.01751062273979187 -7.450580596923828e-09 -0.0029008127748966217 0.9992771744728088 0.03790312632918358 0.02231333591043949 -0.017413131892681122 -0.03794797882437706 0.9991281032562256 -5.366746336221695e-08 0.0 0.0 0.0 1.0  </matrix>
																</node>
															</node>
														</node>
														<node id="id-bone-42" sid="id-skelbones-2-39" name="Mount1" type="JOINT">
															<matrix sid="transform"> 0.013353085145354271 -0.03322526440024376 0.9993587732315063 0.0002586720511317253 -0.9990883469581604 -0.04097435250878334 0.011987204663455486 0.06389807164669037 0.04054984077811241 -0.9986076354980469 -0.033742133527994156 0.04717693105340004 0.0 0.0 0.0 1.0  </matrix>
														</node>
													</node>
												</node>
											</node>
										</node>
										<node id="id-bone-43" sid="id-skelbones-2-40" name="Shoulder.R" type="JOINT">
											<matrix sid="transform"> -0.4973647892475128 0.8582231402397156 0.12681235373020172 0.031952112913131714 -0.8672866225242615 -0.49542057514190674 -0.048705875873565674 0.04874512180685997 0.021024927496910095 -0.13420724868774414 0.9907302260398865 0.000362271792255342 0.0 0.0 0.0 1.0  </matrix>
											<node id="id-bone-44" sid="id-skelbones-2-41" name="UpperArm.R" type="JOINT">
												<matrix sid="transform"> -0.26431524753570557 -0.41023439168930054 -0.8728376030921936 -3.725290298461914e-09 0.3896676003932953 0.7824382781982422 -0.485746830701828 0.19496959447860718 0.8822113871574402 -0.46850669384002686 -0.046955328434705734 -1.0617077350616455e-07 0.0 0.0 0.0 1.0  </matrix>
												<node id="id-bone-45" sid="id-skelbones-2-42" name="ForeArm.R" type="JOINT">
													<matrix sid="transform"> 0.999491810798645 0.02659429982304573 0.01758371666073799 -3.306195139884949e-08 -0.026250379160046577 0.9994650483131409 -0.01950911618769169 0.23714375495910645 -0.018093140795826912 0.01903761923313141 0.9996550679206848 1.100124791264534e-08 0.0 0.0 0.0 1.0  </matrix>
													<node id="id-bone-46" sid="id-skelbones-2-43" name="Hand.R" type="JOINT">
														<matrix sid="transform"> -0.008871535770595074 0.015284593217074871 0.9998436570167542 3.189779818058014e-08 0.0026907799765467644 0.9998795986175537 -0.015261286869645119 0.29990527033805847 -0.9999569058418274 0.0025549638085067272 -0.008911601267755032 4.889443516731262e-09 0.0 0.0 0.0 1.0  </matrix>
														<node id="id-bone-47" sid="id-skelbones-2-44" name="palm.01.R" type="JOINT">
															<matrix sid="transform"> 0.999424159526825 0.011605530045926571 -0.031887635588645935 -0.04475320130586624 -0.01138139609247446 0.9999094009399414 0.007201482076197863 0.10181029140949249 0.03196831792593002 -0.006834421306848526 0.9994654059410095 -0.018590670078992844 0.0 0.0 0.0 1.0  </matrix>
															<node id="id-bone-48" sid="id-skelbones-2-45" name="finger_index.01.R" type="JOINT">
																<matrix sid="transform"> 0.9996528625488281 -0.0034209913574159145 -0.026127947494387627 -1.775333657860756e-09 0.005158522166311741 0.9977579712867737 0.06672587990760803 0.037848494946956635 0.025841103866696358 -0.06683745235204697 0.9974292516708374 -3.545210347510874e-08 0.0 0.0 0.0 1.0  </matrix>
																<node id="id-bone-49" sid="id-skelbones-2-46" name="finger_index.02.R" type="JOINT">
																	<matrix sid="transform"> 0.9996142387390137 0.013525092042982578 0.024258287623524666 9.313225746154785e-10 -0.014336185529828072 0.9993333220481873 0.03357939422130585 0.031920745968818665 -0.02378794737160206 -0.03391430526971817 0.9991416931152344 5.745096132159233e-08 0.0 0.0 0.0 1.0  </matrix>
																</node>
															</node>
														</node>
														<node id="id-bone-50" sid="id-skelbones-2-47" name="thumb.01.R" type="JOINT">
															<matrix sid="transform"> 0.8288388848304749 -0.4987035095691681 -0.25361597537994385 -0.02664443850517273 0.5539292097091675 0.7951897382736206 0.24664928019046783 0.01685485616326332 0.07866788655519485 -0.3449179232120514 0.9353305697441101 -0.03321545943617821 0.0 0.0 0.0 1.0  </matrix>
															<node id="id-bone-51" sid="id-skelbones-2-48" name="thumb.02.R" type="JOINT">
																<matrix sid="transform"> 0.9655232429504395 0.214937224984169 0.14685657620429993 -1.862645149230957e-09 -0.21147921681404114 0.9766058921813965 -0.038955431431531906 0.05778485909104347 -0.151793971657753 0.006555184721946716 0.9883904457092285 -1.3690441846847534e-07 0.0 0.0 0.0 1.0  </matrix>
																<node id="id-bone-52" sid="id-skelbones-2-49" name="thumb.03.R" type="JOINT">
																	<matrix sid="transform"> 0.9966899752616882 0.08113086223602295 0.005173571407794952 2.200249582529068e-08 -0.0802103579044342 0.9917546510696411 -0.09994448721408844 0.02639860473573208 -0.013239510357379913 0.09919869154691696 0.9949795007705688 -4.398316377773881e-08 0.0 0.0 0.0 1.0  </matrix>
																</node>
															</node>
														</node>
														<node id="id-bone-53" sid="id-skelbones-2-50" name="palm.02.R" type="JOINT">
															<matrix sid="transform"> 0.9991822242736816 0.021378811448812485 -0.03432370349764824 -0.0157999936491251 -0.020386917516589165 0.9993717670440674 0.028992656618356705 0.10289283096790314 0.03492197394371033 -0.028269294649362564 0.9989901185035706 -0.01669294200837612 0.0 0.0 0.0 1.0  </matrix>
															<node id="id-bone-54" sid="id-skelbones-2-51" name="finger_middle.01.R" type="JOINT">
																<matrix sid="transform"> 0.9998924136161804 -0.0012738904915750027 -0.014614040032029152 -3.725290298461914e-09 0.0017584278248250484 0.9994474649429321 0.0331907793879509 0.03691821172833443 0.014563683420419693 -0.0332128182053566 0.999342143535614 2.9398506740108132e-08 0.0 0.0 0.0 1.0  </matrix>
																<node id="id-bone-55" sid="id-skelbones-2-52" name="finger_middle.02.R" type="JOINT">
																	<matrix sid="transform"> 0.9997802972793579 -0.01416338887065649 0.015453588217496872 -7.2177499532699585e-09 0.013029559515416622 0.9973803758621216 0.07115422934293747 0.03199191763997078 -0.016420889645814896 -0.07093723118305206 0.9973456859588623 5.3551048040390015e-09 0.0 0.0 0.0 1.0  </matrix>
																</node>
															</node>
														</node>
														<node id="id-bone-56" sid="id-skelbones-2-53" name="palm.03.R" type="JOINT">
															<matrix sid="transform"> 0.9993541836738586 -0.020064445212483406 -0.029812440276145935 0.014516729861497879 0.021230462938547134 0.9990009069442749 0.03932419791817665 0.10249963402748108 0.028993625193834305 -0.03993185609579086 0.9987817406654358 -0.01502526830881834 0.0 0.0 0.0 1.0  </matrix>
															<node id="id-bone-57" sid="id-skelbones-2-54" name="finger_ring.01.R" type="JOINT">
																<matrix sid="transform"> 0.9997377991676331 0.011194081045687199 -0.019974377006292343 9.313225746154785e-09 -0.010259466245770454 0.9988750219345093 0.046295054256916046 0.03681885078549385 0.020470142364501953 -0.046077948063611984 0.9987280368804932 1.7587444745004177e-07 0.0 0.0 0.0 1.0  </matrix>
																<node id="id-bone-58" sid="id-skelbones-2-55" name="finger_ring.02.R" type="JOINT">
																	<matrix sid="transform"> 0.9999509453773499 0.003676591208204627 0.009195316582918167 6.111804395914078e-09 -0.0038791452534496784 0.999748170375824 0.022108010947704315 0.031732864677906036 -0.009111716412007809 -0.02214251458644867 0.9997134208679199 2.4854671210050583e-07 0.0 0.0 0.0 1.0  </matrix>
																</node>
															</node>
														</node>
														<node id="id-bone-59" sid="id-skelbones-2-56" name="palm.04.R" type="JOINT">
															<matrix sid="transform"> 0.9974706768989563 0.06366951018571854 -0.031600117683410645 0.038780346512794495 -0.06090915575623512 0.9947912693023682 0.08173351734876633 0.09733325988054276 0.03663945943117142 -0.07960208505392075 0.9961531162261963 -0.013475890271365643 0.0 0.0 0.0 1.0  </matrix>
															<node id="id-bone-60" sid="id-skelbones-2-57" name="finger_pinky.01.R" type="JOINT">
																<matrix sid="transform"> 0.9996097087860107 -0.024967947974801064 0.01254210714250803 1.6763806343078613e-08 0.025461362674832344 0.9988406300544739 -0.04085599631071091 0.023656249046325684 -0.011507473886013031 0.04115940257906914 0.9990863800048828 -1.560183591209352e-07 0.0 0.0 0.0 1.0  </matrix>
																<node id="id-bone-61" sid="id-skelbones-2-58" name="finger_pinky.02.R" type="JOINT">
																	<matrix sid="transform"> 0.9998441934585571 -0.0022382684983313084 -0.01751062646508217 -3.259629011154175e-09 0.0029008062556385994 0.9992772340774536 0.03790312632918358 0.022313393652439117 0.017413131892681122 -0.03794800490140915 0.9991281628608704 -4.831235855817795e-08 0.0 0.0 0.0 1.0  </matrix>
																</node>
															</node>
														</node>
														<node id="id-bone-62" sid="id-skelbones-2-59" name="Mount0" type="JOINT">
															<matrix sid="transform"> 0.012595376931130886 0.03352092579007149 -0.999358594417572 -0.0002840319648385048 0.9997607469558716 -0.018306942656636238 0.011986386962234974 0.06131567806005478 -0.017893485724925995 -0.9992702603340149 -0.03374341502785683 0.04700962454080582 0.0 0.0 0.0 1.0  </matrix>
														</node>
													</node>
												</node>
											</node>
										</node>
										<node id="id-bone-63" sid="id-skelbones-2-60" name="Weapon_Eye_Node" type="JOINT">
											<matrix sid="transform"> -1.0 2.684328093138788e-09 -1.5099890049441456e-07 6.0895262166127395e-09 3.0328179967398228e-09 0.9999971985816956 -0.0023079034872353077 0.1615554839372635 1.509923066578267e-07 -0.0023079034872353077 -0.9999973177909851 0.04444801062345505 0.0 0.0 0.0 1.0  </matrix>
										</node>
										<node id="id-bone-64" sid="id-skelbones-2-61" name="WeaponDummy" type="JOINT">
											<matrix sid="transform"> 1.0 9.045987070521733e-08 3.504264896037057e-07 0.0029773497954010963 -8.976779497515963e-08 0.9999980926513672 -0.0019744434393942356 0.2185869663953781 -3.5060440950474003e-07 0.0019744436722248793 0.9999980330467224 -0.05822993442416191 0.0 0.0 0.0 1.0  </matrix>
											<node id="id-bone-65" sid="id-skelbones-2-62" name="WeaponDummyEye" type="JOINT">
												<matrix sid="transform"> 1.0 3.793305392019164e-10 1.8292528949914733e-13 -2.588969216787973e-08 -3.79330566957492e-10 1.0000001192092896 3.795139491558075e-08 -0.11521574854850769 -2.029230733099907e-13 -3.818422555923462e-08 1.0 0.10822075605392456 0.0 0.0 0.0 1.0  </matrix>
											</node>
										</node>
									</node>
									<node id="id-bone-66" sid="id-skelbones-2-63" name="Mount2" type="JOINT">
										<matrix sid="transform"> -1.0 9.494783625996206e-09 -2.4187488634197507e-07 -0.004509016405791044 4.0704847492634144e-08 -0.9784049391746521 -0.20669329166412354 0.20148709416389465 -2.386149731137266e-07 -0.2066955268383026 0.9783999919891357 -0.15003708004951477 0.0 0.0 0.0 1.0  </matrix>
									</node>
								</node>
							</node>
						</node>
						<node id="id-bone-67" sid="id-skelbones-2-64" name="Thigh.L" type="JOINT">
							<matrix sid="transform"> 0.9998224973678589 0.02295653708279133 -0.0008629495278000832 0.09474640339612961 0.022932996973395348 -0.9994781613349915 -0.022750286385416985 0.040644098073244095 -0.0015564225614070892 0.02272646129131317 -0.9998258352279663 0.006293162237852812 0.0 0.0 0.0 1.0  </matrix>
							<node id="id-bone-68" sid="id-skelbones-2-65" name="Shin.L" type="JOINT">
								<matrix sid="transform"> 0.9999061822891235 -0.012872562743723392 0.004640928003937006 -5.0367816584184766e-09 0.013417757116258144 0.9888953566551208 -0.1480061262845993 0.41849443316459656 -0.0026841743383556604 0.14805454015731812 0.9889755249023438 -2.1827872842550278e-11 0.0 0.0 0.0 1.0  </matrix>
								<node id="id-bone-69" sid="id-skelbones-2-66" name="foot.L" type="JOINT">
									<matrix sid="transform"> 0.9999859929084778 0.0010575492633506656 -0.005185531452298164 9.74978320300579e-10 0.00503587769344449 0.11113794147968292 0.9937924146652222 0.48399993777275085 0.0016272934153676033 -0.9938045740127563 0.11113105714321136 -3.7580321077257395e-09 0.0 0.0 0.0 1.0  </matrix>
									<node id="id-bone-70" sid="id-skelbones-2-67" name="Toe.L" type="JOINT">
										<matrix sid="transform"> -0.9999882578849792 -0.0008392583695240319 0.004790838807821274 3.408786142244935e-09 -0.0019769780337810516 0.9700967073440552 -0.2427118867635727 0.12671701610088348 -0.004443877376616001 -0.24271859228610992 -0.9700866937637329 3.8708094507455826e-09 0.0 0.0 0.0 1.0  </matrix>
									</node>
								</node>
							</node>
							<node id="id-bone-71" sid="id-skelbones-2-68" name="Mount6" type="JOINT">
								<matrix sid="transform"> -0.9997360110282898 -0.022939182817935944 -0.0012013199739158154 0.10692724585533142 -0.02295450121164322 0.9996263384819031 0.01486136857420206 0.1898977905511856 0.0008599631255492568 0.014885028824210167 -0.9998889565467834 0.01807122677564621 0.0 0.0 0.0 1.0  </matrix>
							</node>
						</node>
						<node id="id-bone-72" sid="id-skelbones-2-69" name="Thigh.R" type="JOINT">
							<matrix sid="transform"> 0.9998223781585693 -0.02295653335750103 0.0008630100637674332 -0.09474640339612961 -0.0229329951107502 -0.9994781613349915 -0.022750288248062134 0.040644098073244095 0.0015561849577352405 0.022726457566022873 -0.9998257160186768 0.006293150596320629 0.0 0.0 0.0 1.0  </matrix>
							<node id="id-bone-73" sid="id-skelbones-2-70" name="Mount5" type="JOINT">
								<matrix sid="transform"> -0.9997360110282898 0.02293918840587139 0.0012010815553367138 -0.10655975341796875 0.022954503074288368 0.9996263384819031 0.014861367642879486 0.18988922238349915 -0.000859724881593138 0.01488502137362957 -0.9998889565467834 0.01807168498635292 0.0 0.0 0.0 1.0  </matrix>
							</node>
							<node id="id-bone-74" sid="id-skelbones-2-71" name="Shin.R" type="JOINT">
								<matrix sid="transform"> 0.9999061822891235 0.012872564606368542 -0.004640890285372734 7.246853783726692e-09 -0.013417753390967846 0.9888953566551208 -0.1480061411857605 0.4184943735599518 0.0026841366197913885 0.1480545550584793 0.9889755249023438 2.1609594114124775e-09 0.0 0.0 0.0 1.0  </matrix>
								<node id="id-bone-75" sid="id-skelbones-2-72" name="foot.R" type="JOINT">
									<matrix sid="transform"> 0.9999859929084778 -0.0010575134074315429 0.005185556598007679 1.8917489796876907e-10 -0.005035906098783016 0.11113794147968292 0.9937924146652222 0.48399993777275085 -0.0016272603534162045 -0.9938045144081116 0.11113105714321136 -5.04405761603266e-09 0.0 0.0 0.0 1.0  </matrix>
									<node id="id-bone-76" sid="id-skelbones-2-73" name="Toe.R" type="JOINT">
										<matrix sid="transform"> -0.9999882578849792 0.000839205808006227 -0.004790831357240677 5.966285243630409e-10 0.001976925414055586 0.9700966477394104 -0.24271181225776672 0.12671701610088348 0.004443884361535311 -0.24271850287914276 -0.9700865745544434 -3.026798367500305e-09 0.0 0.0 0.0 1.0  </matrix>
									</node>
								</node>
							</node>
						</node>
						<node id="id-bone-77" sid="id-skelbones-2-74" name="Mount4" type="JOINT">
							<matrix sid="transform"> -1.0 1.5005358067199381e-16 -1.5084380322605284e-07 -0.004509064834564924 -1.188526610462759e-09 -0.9999688863754272 0.007855409756302834 0.1561298668384552 -1.5099112715688534e-07 0.007871254347264767 0.99896240234375 0.1552414447069168 0.0 0.0 0.0 1.0  </matrix>
						</node>
						<node id="id-bone-78" sid="id-skelbones-2-75" name="Mount3" type="JOINT">
							<matrix sid="transform"> -1.0 -9.210128048674909e-17 -1.514250271839046e-07 -0.004509008023887873 -1.1885259443289442e-09 -0.9999692440032959 0.007916001603007317 0.1565186232328415 -1.5099112715688534e-07 0.007871254347264767 1.0028111934661865 -0.21800951659679413 0.0 0.0 0.0 1.0  </matrix>
						</node>
					</node>
				</node>
			</node>
		</node>
	</visual_scene>
</library_visual_scenes>
<library_animations>
	<animation id="id-anim-79">
		<source id="id-anim-79-input">
			<float_array id="id-anim-79-input-array" count="30"> 0.0 0.041666666666666664 0.08333333333333333 0.125 0.16666666666666666 0.20833333333333331 0.25 0.29166666666666663 0.3333333333333333 0.375 0.41666666666666663 0.4583333333333333 0.5 0.5416666666666666 0.5833333333333333 0.625 0.6666666666666666 0.7083333333333333 0.75 0.7916666666666666 0.8333333333333333 0.875 0.9166666666666666 0.9583333333333333 1.0 1.0416666666666665 1.0833333333333333 1.125 1.1666666666666665 1.2083333333333333</float_array>
			<technique_common>
				<accessor source="#id-anim-79-input-array" count="30" stride="1">
					<param name="TIME" type="float"/>
				</accessor>
			</technique_common>
		</source>
		<source id="id-anim-79-transform-output">
